2338673462221919996 64 4 40
2338673462221919974 31 70 39
2338673462221919962 10 46 36
2338673462221920286 5 36 31
2338673462221920095 34 64 30
2338673462221920246 66 96 30
2338673462221921042 2 32 30
2338673462221920052 77 5 28
2338673462221920149 87 15 28
2338673462221920295 13 41 28
2338673462221921096 39 67 28
2338673462221920315 38 64 26
2338673462221920282 72 97 25
2338673462221920321 96 18 22
2338673462221920039 68 88 20
2338673462221920534 69 89 20
2338673462221919948 84 3 19
2338673462221920099 66 85 19
2338673462221919991 19 37 18
2338673462221920625 78 96 18
2338673462221920690 88 6 18
2338673462221920012 17 34 17
2338673462221920105 27 43 16
2338673462221920117 1 17 16
2338673462221920138 29 45 16
2338673462221920203 81 97 16
2338673462221921007 84 0 16
2338673462221921027 54 70 16
2338673462221919998 4 19 15
2338673462221920344 88 3 15
2338673462221920573 15 30 15
2338673462221920613 5 20 15
2338673462221920685 33 48 15
2338673462221920733 53 68 15
2338673462221920843 13 28 15
2338673462221921130 7 22 15
2338673462221920357 66 80 14
2338673462221920992 3 17 14
2338673462221921339 65 79 14
2338673462221919958 76 89 13
2338673462221920405 10 23 13
2338673462221920560 57 70 13
2338673462221920643 55 68 13
2338673462221920750 4 17 13
2338673462221921297 49 62 13
2338673462221921304 5 18 13
2338673462221920211 7 19 12
2338673462221920483 73 85 12
2338673462221920616 22 34 12
2338673462221920739 0 12 12
2338673462221920895 4 16 12
2338673462221920951 90 2 12
2338673462221921197 83 95 12
2338673462221921357 5 17 12
2338673462221920120 18 29 11
2338673462221920140 45 56 11
2338673462221920408 25 36 11
2338673462221920428 6 17 11
2338673462221920507 0 11 11
2338673462221920549 63 74 11
2338673462221920555 10 21 11
2338673462221920600 5 16 11
2338673462221920605 33 44 11
2338673462221920623 67 78 11
2338673462221920700 91 2 11
2338673462221920737 89 0 11
2338673462221920743 31 42 11
2338673462221920755 49 60 11
2338673462221921067 27 38 11
2338673462221921250 81 92 11
2338673462221921300 72 83 11
2338673462221921308 27 38 11
2338673462221921351 53 64 11
2338673462221921362 57 68 11
2338673462221919967 72 82 10
2338673462221919969 82 92 10
2338673462221920085 31 41 10
2338673462221920152 18 28 10
2338673462221920313 28 38 10
2338673462221920468 94 4 10
2338673462221920553 0 10 10
2338673462221920590 27 37 10
2338673462221920636 28 38 10
2338673462221920650 86 96 10
2338673462221920706 38 48 10
2338673462221920712 87 97 10
2338673462221920716 20 30 10
2338673462221920718 30 40 10
2338673462221920723 72 82 10
2338673462221920788 96 6 10
2338673462221920874 20 30 10
2338673462221920912 16 26 10
2338673462221920932 62 72 10
2338673462221920934 72 82 10
2338673462221921073 65 75 10
2338673462221921077 97 7 10
2338673462221921106 30 40 10
2338673462221921126 70 80 10
2338673462221921134 48 58 10
2338673462221921160 30 40 10
2338673462221921164 47 57 10
2338673462221921168 74 84 10
2338673462221921314 68 78 10
2338673462221921318 87 97 10
2338673462221921337 55 65 10
2338673462221921367 3 13 10
2338673462221920213 19 28 9
2338673462221920348 9 18 9
2338673462221920366 30 39 9
2338673462221920432 20 29 9
2338673462221920459 24 33 9
2338673462221920464 64 73 9
2338673462221920596 77 86 9
2338673462221920602 16 25 9
2338673462221920725 82 91 9
2338673462221920760 96 5 9
2338673462221920765 23 32 9
2338673462221920770 60 69 9
2338673462221920773 79 88 9
2338673462221920857 86 95 9
2338673462221920859 95 4 9
2338673462221920877 40 49 9
2338673462221920884 86 95 9
2338673462221920897 16 25 9
2338673462221920902 53 62 9
2338673462221920928 35 44 9
2338673462221920936 82 91 9
2338673462221920947 63 72 9
2338673462221920959 46 55 9
2338673462221920971 22 31 9
2338673462221921108 40 49 9
2338673462221921277 1 10 9
2338673462221921306 18 27 9
2338673462221921316 78 87 9
2338673462221921323 26 35 9
2338673462221921335 46 55 9
2338673462221921349 44 53 9
2338673462221921370 23 32 9
2338673462221920175 43 51 8
2338673462221920220 36 44 8
2338673462221920334 52 60 8
2338673462221920397 79 87 8
2338673462221920413 42 50 8
2338673462221920416 50 58 8
2338673462221920476 47 55 8
2338673462221920763 15 23 8
2338673462221920782 51 59 8
2338673462221920882 78 86 8
2338673462221920906 84 92 8
2338673462221920921 86 94 8
2338673462221920939 2 10 8
2338673462221920955 20 28 8
2338673462221920964 79 87 8
2338673462221920968 6 14 8
2338673462221920975 49 57 8
2338673462221921071 57 65 8
2338673462221921100 84 92 8
2338673462221921110 49 57 8
2338673462221921122 45 53 8
2338673462221921153 79 87 8
2338673462221921267 43 51 8
2338673462221921269 51 59 8
2338673462221921272 67 75 8
2338673462221921284 50 58 8
2338673462221921312 60 68 8
2338673462221921342 89 97 8
2338673462221921376 68 76 8
2338673462221920173 36 43 7
2338673462221920216 28 35 7
2338673462221920264 72 79 7
2338673462221920339 72 79 7
2338673462221920352 40 47 7
2338673462221920442 66 73 7
2338673462221920487 88 95 7
2338673462221920658 13 20 7
2338673462221920910 9 16 7
2338673462221920989 95 2 7
2338673462221921088 82 89 7
2338673462221921136 58 65 7
2338673462221921149 57 64 7
2338673462221921162 40 47 7
2338673462221921178 27 34 7
2338673462221921206 13 20 7
2338673462221919955 46 52 6
2338673462221919964 46 52 6
2338673462221919980 27 33 6
2338673462221920109 50 56 6
2338673462221920346 3 9 6
2338673462221920418 58 64 6
2338673462221920630 0 6 6
2338673462221921223 70 76 6
2338673462221921227 90 96 6
2338673462221921265 37 43 6
2338673462221920031 19 24 5
2338673462221920081 18 23 5
2338673462221920134 3 8 5
2338673462221920157 33 38 5
2338673462221920224 48 53 5
2338673462221920341 79 84 5
2338673462221920359 80 85 5
2338673462221920376 75 80 5
2338673462221920440 61 66 5
2338673462221920530 43 48 5
2338673462221920539 96 1 5
2338673462221920814 23 28 5
2338673462221921064 18 23 5
2338673462221921241 46 51 5
2338673462221920009 13 17 4
2338673462221920021 96 0 4
2338673462221920047 61 65 4
2338673462221920068 33 37 4
2338673462221920222 44 48 4
2338673462221920268 95 99 4
2338673462221920280 68 72 4
2338673462221920337 68 72 4
2338673462221920363 99 3 4
2338673462221920380 88 92 4
2338673462221920839 0 4 4
2338673462221921009 0 4 4
2338673462221921029 70 74 4
2338673462221921181 36 40 4
2338673462221921211 21 25 4
2338673462221919953 43 46 3
2338673462221919985 58 61 3
2338673462221920130 90 93 3
2338673462221920194 35 38 3
2338673462221920207 1 4 3
2338673462221920209 4 7 3
2338673462221920311 25 28 3
2338673462221920515 41 44 3
2338673462221920826 57 60 3
2338673462221920833 86 89 3
2338673462221921013 14 17 3
2338673462221921015 17 20 3
2338673462221920079 16 18 2
2338673462221920093 32 34 2
2338673462221920128 88 90 2
2338673462221920228 68 70 2
2338673462221920239 29 31 2
2338673462221920242 42 44 2
2338673462221920410 36 38 2
2338673462221920500 87 89 2
2338673462221920518 52 54 2
2338673462221920641 53 55 2
2338673462221920653 3 5 2
2338673462221920668 62 64 2
2338673462221920987 93 95 2
2338673462221921040 0 2 2
2338673462221921046 54 56 2
2338673462221921055 84 86 2
2338673462221921187 53 55 2
2338673462221921193 68 70 2
2338673462221921199 95 97 2
2338673462221921263 35 37 2
2338673462221920026 88 89 1
2338673462221920037 67 68 1
2338673462221920101 85 86 1
2338673462221920170 18 19 1
2338673462221920199 65 66 1
2338673462221920218 35 36 1
2338673462221920237 28 29 1
2338673462221920262 71 72 1
2338673462221920329 48 49 1
2338673462221920536 89 90 1
2338673462221920647 68 69 1
2338673462221920663 39 40 1
2338673462221920791 20 21 1
2338673462221920804 70 71 1
2338673462221921031 74 75 1
2338673462221921038 99 0 1
2338673462221921052 83 84 1
2338673462221921209 20 21 1
2338673462221919939 60 60 0
2338673462221920070 37 37 0
2338673462221920142 56 56 0
2338673462221920162 65 65 0
2338673462221920182 94 94 0
2338673462221920301 57 57 0
2338673462221920332 52 52 0
2338673462221920389 32 32 0
2338673462221920423 91 91 0
2338673462221920504 0 0 0
2338673462221920645 68 68 0
2338673462221920683 33 33 0
2338673462221920817 28 28 0
2338673462221920824 57 57 0
2338673462221920980 75 75 0
2338673462221920998 52 52 0
2338673462221921025 54 54 0
2338673462221921049 61 61 0
2338673462221921184 40 40 0
