2338673462221919996 1705655347264 1705655347304 40
2338673462221919974 1705655347031 1705655347070 39
2338673462221919962 1705655346910 1705655346946 36
2338673462221920286 1705655349205 1705655349236 31
2338673462221920095 1705655348134 1705655348164 30
2338673462221920246 1705655348966 1705655348996 30
2338673462221921042 1705655354102 1705655354132 30
2338673462221920052 1705655347777 1705655347805 28
2338673462221920149 1705655348487 1705655348515 28
2338673462221920295 1705655349313 1705655349341 28
2338673462221921096 1705655354439 1705655354467 28
2338673462221920315 1705655349438 1705655349464 26
2338673462221920282 1705655349172 1705655349197 25
2338673462221920321 1705655349496 1705655349518 22
2338673462221920039 1705655347668 1705655347688 20
2338673462221920534 1705655350669 1705655350689 20
2338673462221919948 1705655346784 1705655346803 19
2338673462221920099 1705655348166 1705655348185 19
2338673462221919991 1705655347219 1705655347237 18
2338673462221920625 1705655351578 1705655351596 18
2338673462221920690 1705655351888 1705655351906 18
2338673462221920012 1705655347417 1705655347434 17
2338673462221920105 1705655348227 1705655348243 16
2338673462221920117 1705655348301 1705655348317 16
2338673462221920138 1705655348429 1705655348445 16
2338673462221920203 1705655348781 1705655348797 16
2338673462221921007 1705655353984 1705655354000 16
2338673462221921027 1705655354054 1705655354070 16
2338673462221919998 1705655347304 1705655347319 15
2338673462221920344 1705655349588 1705655349603 15
2338673462221920573 1705655351115 1705655351130 15
2338673462221920613 1705655351505 1705655351520 15
2338673462221920685 1705655351833 1705655351848 15
2338673462221920733 1705655352253 1705655352268 15
2338673462221920843 1705655352913 1705655352928 15
2338673462221921130 1705655354707 1705655354722 15
2338673462221920357 1705655349666 1705655349680 14
2338673462221920992 1705655353903 1705655353917 14
2338673462221921339 1705655355865 1705655355879 14
2338673462221919958 1705655346876 1705655346889 13
2338673462221920405 1705655349910 1705655349923 13
2338673462221920560 1705655350957 1705655350970 13
2338673462221920643 1705655351655 1705655351668 13
2338673462221920750 1705655352404 1705655352417 13
2338673462221921297 1705655355549 1705655355562 13
2338673462221921304 1705655355605 1705655355618 13
2338673462221920211 1705655348807 1705655348819 12
2338673462221920483 1705655350373 1705655350385 12
2338673462221920616 1705655351522 1705655351534 12
2338673462221920739 1705655352300 1705655352312 12
2338673462221920895 1705655353304 1705655353316 12
2338673462221920951 1705655353690 1705655353702 12
2338673462221921197 1705655355083 1705655355095 12
2338673462221921357 1705655356005 1705655356017 12
2338673462221920120 1705655348318 1705655348329 11
2338673462221920140 1705655348445 1705655348456 11
2338673462221920408 1705655349925 1705655349936 11
2338673462221920428 1705655350006 1705655350017 11
2338673462221920507 1705655350500 1705655350511 11
2338673462221920549 1705655350863 1705655350874 11
2338673462221920555 1705655350910 1705655350921 11
2338673462221920600 1705655351405 1705655351416 11
2338673462221920605 1705655351433 1705655351444 11
2338673462221920623 1705655351567 1705655351578 11
2338673462221920700 1705655351991 1705655352002 11
2338673462221920737 1705655352289 1705655352300 11
2338673462221920743 1705655352331 1705655352342 11
2338673462221920755 1705655352449 1705655352460 11
2338673462221921067 1705655354227 1705655354238 11
2338673462221921250 1705655355281 1705655355292 11
2338673462221921300 1705655355572 1705655355583 11
2338673462221921308 1705655355627 1705655355638 11
2338673462221921351 1705655355953 1705655355964 11
2338673462221921362 1705655356057 1705655356068 11
2338673462221919967 1705655346972 1705655346982 10
2338673462221919969 1705655346982 1705655346992 10
2338673462221920085 1705655348031 1705655348041 10
2338673462221920152 1705655348518 1705655348528 10
2338673462221920313 1705655349428 1705655349438 10
2338673462221920468 1705655350294 1705655350304 10
2338673462221920553 1705655350900 1705655350910 10
2338673462221920590 1705655351327 1705655351337 10
2338673462221920636 1705655351628 1705655351638 10
2338673462221920650 1705655351686 1705655351696 10
2338673462221920706 1705655352038 1705655352048 10
2338673462221920712 1705655352087 1705655352097 10
2338673462221920716 1705655352120 1705655352130 10
2338673462221920718 1705655352130 1705655352140 10
2338673462221920723 1705655352172 1705655352182 10
2338673462221920788 1705655352696 1705655352706 10
2338673462221920874 1705655353120 1705655353130 10
2338673462221920912 1705655353416 1705655353426 10
2338673462221920932 1705655353562 1705655353572 10
2338673462221920934 1705655353572 1705655353582 10
2338673462221921073 1705655354265 1705655354275 10
2338673462221921077 1705655354297 1705655354307 10
2338673462221921106 1705655354530 1705655354540 10
2338673462221921126 1705655354670 1705655354680 10
2338673462221921134 1705655354748 1705655354758 10
2338673462221921160 1705655354930 1705655354940 10
2338673462221921164 1705655354947 1705655354957 10
2338673462221921168 1705655354974 1705655354984 10
2338673462221921314 1705655355668 1705655355678 10
2338673462221921318 1705655355687 1705655355697 10
2338673462221921337 1705655355855 1705655355865 10
2338673462221921367 1705655356103 1705655356113 10
2338673462221920213 1705655348819 1705655348828 9
2338673462221920348 1705655349609 1705655349618 9
2338673462221920366 1705655349730 1705655349739 9
2338673462221920432 1705655350020 1705655350029 9
2338673462221920459 1705655350224 1705655350233 9
2338673462221920464 1705655350264 1705655350273 9
2338673462221920596 1705655351377 1705655351386 9
2338673462221920602 1705655351416 1705655351425 9
2338673462221920725 1705655352182 1705655352191 9
2338673462221920760 1705655352496 1705655352505 9
2338673462221920765 1705655352523 1705655352532 9
2338673462221920770 1705655352560 1705655352569 9
2338673462221920773 1705655352579 1705655352588 9
2338673462221920857 1705655352986 1705655352995 9
2338673462221920859 1705655352995 1705655353004 9
2338673462221920877 1705655353140 1705655353149 9
2338673462221920884 1705655353186 1705655353195 9
2338673462221920897 1705655353316 1705655353325 9
2338673462221920902 1705655353353 1705655353362 9
2338673462221920928 1705655353535 1705655353544 9
2338673462221920936 1705655353582 1705655353591 9
2338673462221920947 1705655353663 1705655353672 9
2338673462221920959 1705655353746 1705655353755 9
2338673462221920971 1705655353822 1705655353831 9
2338673462221921108 1705655354540 1705655354549 9
2338673462221921277 1705655355401 1705655355410 9
2338673462221921306 1705655355618 1705655355627 9
2338673462221921316 1705655355678 1705655355687 9
2338673462221921323 1705655355726 1705655355735 9
2338673462221921335 1705655355846 1705655355855 9
2338673462221921349 1705655355944 1705655355953 9
2338673462221921370 1705655356123 1705655356132 9
2338673462221920175 1705655348643 1705655348651 8
2338673462221920220 1705655348836 1705655348844 8
2338673462221920334 1705655349552 1705655349560 8
2338673462221920397 1705655349879 1705655349887 8
2338673462221920413 1705655349942 1705655349950 8
2338673462221920416 1705655349950 1705655349958 8
2338673462221920476 1705655350347 1705655350355 8
2338673462221920763 1705655352515 1705655352523 8
2338673462221920782 1705655352651 1705655352659 8
2338673462221920882 1705655353178 1705655353186 8
2338673462221920906 1705655353384 1705655353392 8
2338673462221920921 1705655353486 1705655353494 8
2338673462221920939 1705655353602 1705655353610 8
2338673462221920955 1705655353720 1705655353728 8
2338673462221920964 1705655353779 1705655353787 8
2338673462221920968 1705655353806 1705655353814 8
2338673462221920975 1705655353849 1705655353857 8
2338673462221921071 1705655354257 1705655354265 8
2338673462221921100 1705655354484 1705655354492 8
2338673462221921110 1705655354549 1705655354557 8
2338673462221921122 1705655354645 1705655354653 8
2338673462221921153 1705655354879 1705655354887 8
2338673462221921267 1705655355343 1705655355351 8
2338673462221921269 1705655355351 1705655355359 8
2338673462221921272 1705655355367 1705655355375 8
2338673462221921284 1705655355450 1705655355458 8
2338673462221921312 1705655355660 1705655355668 8
2338673462221921342 1705655355889 1705655355897 8
2338673462221921376 1705655356168 1705655356176 8
2338673462221920173 1705655348636 1705655348643 7
2338673462221920216 1705655348828 1705655348835 7
2338673462221920264 1705655349072 1705655349079 7
2338673462221920339 1705655349572 1705655349579 7
2338673462221920352 1705655349640 1705655349647 7
2338673462221920442 1705655350066 1705655350073 7
2338673462221920487 1705655350388 1705655350395 7
2338673462221920658 1705655351713 1705655351720 7
2338673462221920910 1705655353409 1705655353416 7
2338673462221920989 1705655353895 1705655353902 7
2338673462221921088 1705655354382 1705655354389 7
2338673462221921136 1705655354758 1705655354765 7
2338673462221921149 1705655354857 1705655354864 7
2338673462221921162 1705655354940 1705655354947 7
2338673462221921178 1705655355027 1705655355034 7
2338673462221921206 1705655355113 1705655355120 7
2338673462221919955 1705655346846 1705655346852 6
2338673462221919964 1705655346946 1705655346952 6
2338673462221919980 1705655347127 1705655347133 6
2338673462221920109 1705655348250 1705655348256 6
2338673462221920346 1705655349603 1705655349609 6
2338673462221920418 1705655349958 1705655349964 6
2338673462221920630 1705655351600 1705655351606 6
2338673462221921223 1705655355170 1705655355176 6
2338673462221921227 1705655355190 1705655355196 6
2338673462221921265 1705655355337 1705655355343 6
2338673462221920031 1705655347619 1705655347624 5
2338673462221920081 1705655348018 1705655348023 5
2338673462221920134 1705655348403 1705655348408 5
2338673462221920157 1705655348533 1705655348538 5
2338673462221920224 1705655348848 1705655348853 5
2338673462221920341 1705655349579 1705655349584 5
2338673462221920359 1705655349680 1705655349685 5
2338673462221920376 1705655349775 1705655349780 5
2338673462221920440 1705655350061 1705655350066 5
2338673462221920530 1705655350643 1705655350648 5
2338673462221920539 1705655350696 1705655350701 5
2338673462221920814 1705655352823 1705655352828 5
2338673462221921064 1705655354218 1705655354223 5
2338673462221921241 1705655355246 1705655355251 5
2338673462221920009 1705655347413 1705655347417 4
2338673462221920021 1705655347496 1705655347500 4
2338673462221920047 1705655347761 1705655347765 4
2338673462221920068 1705655347933 1705655347937 4
2338673462221920222 1705655348844 1705655348848 4
2338673462221920268 1705655349095 1705655349099 4
2338673462221920280 1705655349168 1705655349172 4
2338673462221920337 1705655349568 1705655349572 4
2338673462221920363 1705655349699 1705655349703 4
2338673462221920380 1705655349788 1705655349792 4
2338673462221920839 1705655352900 1705655352904 4
2338673462221921009 1705655354000 1705655354004 4
2338673462221921029 1705655354070 1705655354074 4
2338673462221921181 1705655355036 1705655355040 4
2338673462221921211 1705655355121 1705655355125 4
2338673462221919953 1705655346843 1705655346846 3
2338673462221919985 1705655347158 1705655347161 3
2338673462221920130 1705655348390 1705655348393 3
2338673462221920194 1705655348735 1705655348738 3
2338673462221920207 1705655348801 1705655348804 3
2338673462221920209 1705655348804 1705655348807 3
2338673462221920311 1705655349425 1705655349428 3
2338673462221920515 1705655350541 1705655350544 3
2338673462221920826 1705655352857 1705655352860 3
2338673462221920833 1705655352886 1705655352889 3
2338673462221921013 1705655354014 1705655354017 3
2338673462221921015 1705655354017 1705655354020 3
2338673462221920079 1705655348016 1705655348018 2
2338673462221920093 1705655348132 1705655348134 2
2338673462221920128 1705655348388 1705655348390 2
2338673462221920228 1705655348868 1705655348870 2
2338673462221920239 1705655348929 1705655348931 2
2338673462221920242 1705655348942 1705655348944 2
2338673462221920410 1705655349936 1705655349938 2
2338673462221920500 1705655350487 1705655350489 2
2338673462221920518 1705655350552 1705655350554 2
2338673462221920641 1705655351653 1705655351655 2
2338673462221920653 1705655351703 1705655351705 2
2338673462221920668 1705655351762 1705655351764 2
2338673462221920987 1705655353893 1705655353895 2
2338673462221921040 1705655354100 1705655354102 2
2338673462221921046 1705655354154 1705655354156 2
2338673462221921055 1705655354184 1705655354186 2
2338673462221921187 1705655355053 1705655355055 2
2338673462221921193 1705655355068 1705655355070 2
2338673462221921199 1705655355095 1705655355097 2
2338673462221921263 1705655355335 1705655355337 2
2338673462221920026 1705655347588 1705655347589 1
2338673462221920037 1705655347667 1705655347668 1
2338673462221920101 1705655348185 1705655348186 1
2338673462221920170 1705655348618 1705655348619 1
2338673462221920199 1705655348765 1705655348766 1
2338673462221920218 1705655348835 1705655348836 1
2338673462221920237 1705655348928 1705655348929 1
2338673462221920262 1705655349071 1705655349072 1
2338673462221920329 1705655349548 1705655349549 1
2338673462221920536 1705655350689 1705655350690 1
2338673462221920647 1705655351668 1705655351669 1
2338673462221920663 1705655351739 1705655351740 1
2338673462221920791 1705655352720 1705655352721 1
2338673462221920804 1705655352770 1705655352771 1
2338673462221921031 1705655354074 1705655354075 1
2338673462221921038 1705655354099 1705655354100 1
2338673462221921052 1705655354183 1705655354184 1
2338673462221921209 1705655355120 1705655355121 1
2338673462221919939 1705655346660 1705655346660 0
2338673462221920070 1705655347937 1705655347937 0
2338673462221920142 1705655348456 1705655348456 0
2338673462221920162 1705655348565 1705655348565 0
2338673462221920182 1705655348694 1705655348694 0
2338673462221920301 1705655349357 1705655349357 0
2338673462221920332 1705655349552 1705655349552 0
2338673462221920389 1705655349832 1705655349832 0
2338673462221920423 1705655349991 1705655349991 0
2338673462221920504 1705655350500 1705655350500 0
2338673462221920645 1705655351668 1705655351668 0
2338673462221920683 1705655351833 1705655351833 0
2338673462221920817 1705655352828 1705655352828 0
2338673462221920824 1705655352857 1705655352857 0
2338673462221920980 1705655353875 1705655353875 0
2338673462221920998 1705655353952 1705655353952 0
2338673462221921025 1705655354054 1705655354054 0
2338673462221921049 1705655354161 1705655354161 0
2338673462221921184 1705655355040 1705655355040 0
